3968901019178214e-46
33782348233749757e-47
2828251476762014e-46
2318723934533448e-46
18496521966892786e-47
14210362632295056e-47
10328761341541284e-47
6851718094631486e-47
3779232891565649e-47
11113057323437756e-48
0
0
0
0
0
0
0
13343632508273221e-65
23511948531431316e-65
30489995945672006e-65
3427777475099533e-64
3487528494740127e-64
3228252653488983e-64
26499499513461026e-65
1752620388311482e-64
5362639643851223e-65
1645118168852734e-48
4698531070416934e-48
8277243477727449e-48
12381255390784304e-48
17010566809587502e-48
2216517773413702e-47
27845088164432885e-48
4998392961362416e-47
6446535967292611e-47
7126932738031558e-47
7039583273579261e-47
6275828579135117e-47
5021130379635882e-47
3268740940021769e-47
10540214119571535e-47
10540214119571535e-47
176.48078140726636
259.7916300833953
290.00548779672243
300.9161657968995
304.88237266093137
306.33765020438574
306.89252769277624
307.11702789501965
307.2167910888034
307.2670447239618
307.29604735396583
307.3148426108995
307.3280693675215
307.33786496567575
307.34534065184306
307.35115112934795
307.35571733075636
307.35933210239676
307.3622072782161
307.3645040092289
307.3663434461629
307.3678197469498
307.3690065397935
307.3699619176944
307.3707318223736
307.3713530110104
307.3718547815406
307.37225953967686
307.37258642587585
307.3728512636842
307.37306468370343
307.37323756109066
307.37337727777117
307.3734903697714
307.3735816715127
307.37365591780804
307.37371534783307
307.3737638587807
307.37380298729795
307.3738344108024
307.3738600910682
307.37388089140165
307.37389734586117
307.3739108188834
307.3739218354916
307.3739307140632
307.3739376241133
307.373943309067
307.37394796457886
307.37395175748264
307.373954826983
307.3739571410733
307.373959008772
307.3739605488208
307.37396181058125
307.37396284771745
307.37396369453364
307.3739643660592
307.3739648572189
307.3739652067775
307.3739652067775
307.3646467631774
307.3234829012151
307.2490116183194
307.14325406057844
307.0044531667311
306.82862472416605
306.60962228628136
306.3385544371782
306.0039601455331
305.5916418509571
305.0841531187702
304.46021304728936
303.6937211518548
302.7535054261256
301.6018811877364
300.1934756419183
298.47584714457736
296.3857639424353
293.8518736733495
290.78939109866064
287.1036354021169
282.69606857873686
277.45302530215645
271.2657887908727
264.0311655697629
255.66426511060777
246.1018289054629
235.3120559795894
223.3223145455024
210.20431505558196
196.10440160365
181.2194559277759
165.80548275104013
150.15564180508866
134.5796156414606
119.38392281884421
104.84497216044872
91.19364171173774
78.60388098065091
67.18550572544319
56.98747439974308
48.00594366504246
40.1938150415198
33.473219763534594
27.747391466083396
22.90909943863912
18.850367118533523
15.466534225676208
12.659991685424984
10.342509875558653
8.435745682765232
6.8713597911148145
5.590914493057379
4.544941926925083
3.69189179804892
2.9971127625397225
2.4318632805881424
1.972403484568426
1.5992090667742234
1.296267469162733
1.050479174337854
0.8511305932958347
0.6895040860887222
0.5585043818774427
0.4523395231513031
0.3663246823238718
0.29664979062661134
0.2402084449018438
0.19449898888006203
0.15748608006342343
0.12751210235048477
0.10323917595086851
0.08358867344954331
0.06767680329483713
0.05479310987252755
0.044362168857177565
0.03591633363393911
0.029078350039665274
0.023541611643742764
0.019058461306989124
0.015428697755408559
0.012490418464880509
0.010110812898942667
0.008183787376796878
0.006624396258201715
0.00536155543901316
0.004338684497780453
0.0035113663887151206
0.0028413207584896956
0.002298798165457896
0.0018601529508607232
0.0015047366363906646
0.0012173935131932758
0.0009851118538422045
0.0007970570790541183
0.0006449483804275861
0.0005218730933592901
0.00042229730461359197
0.000341705830489025
0.0002764626762039041
0.00022366838800406334
0.00018099809373775075
0.00014638311370175985
0.00011842301187323437
9579971197942521e-20
7746440866242153e-20
6265666989075388e-20
5065652516216901e-20
40962215630717e-18
3310427935394202e-20
26763708822103122e-21
216247369472664e-19
17470938196135368e-21
1411631217117661e-20
11390923023173177e-21
9209399565843493e-21
74266947011172214e-22
5984161819031514e-21
4836462559717802e-21
3896762257493222e-21
3138269219748304e-21
2529100446848131e-21
20339567232801055e-22
1635398991274226e-21
1317391000655433e-21
10581213925190283e-22
84747141696638e-20
6794490181007058e-22
5454575372493369e-22
43497896803282614e-23
34578622003244795e-23
2759574788430293e-22
22077030563413527e-23
1775157662924545e-22
1411501181156879e-22
11065682223966542e-23
8563499955900673e-23
6605359738006581e-23
513054708931881e-22
40460929720851125e-24
3246055825105048e-23
25723508458965072e-24
19921544165668065e-24
15041576620113804e-24
11083605822302416e-24
8043955129507172e-24
5855749017156334e-24
4494075994218371e-24
