221.25185690989707
221.25185690989707
221.25185690989707
221.25185690989707
221.25185690989707
221.25185690989707
221.25185690989707
221.25185690989707
221.25185690989707
221.25185690989707
221.25185690989707
221.25185690989707
221.25185690989707
221.25185690989707
221.25185690989707
221.25185690989707
221.25185690989707
221.25185690989707
221.25185690989707
221.25185690989707
221.25185690989707
221.25185690989707
221.25185690989707
221.25185690989707
221.25185690989707
221.25185690989707
221.25185690989707
221.25185690989707
221.25185690989707
221.25185690989707
221.25185690989707
221.25185690989707
221.25185690989707
221.25185690989707
221.25185690989713
221.25185690989713
221.25185690989713
221.25185690989713
221.25185690989707
221.25185690989707
221.25185690989707
221.25185690989707
180.65783820789525
155.1610757847127
145.65939700360786
142.16702009972843
140.87291058424475
140.38560577172706
140.1928106166516
140.1106676005622
140.0717276518606
140.05075720489663
140.0379755505253
140.02939188956398
140.0232337681374
140.01863160255306
140.0151062188653
140.01236267869098
140.01020613156297
140.00849912685678
140.0071416329942
140.00605741836742
140.00518915403038
140.0044923056006
140.00393207787315
140.00348103637313
140.0031174991909
140.00282412599083
140.0025870977216
140.0023958446703
140.00224133963988
140.00211613125623
140.00201519443067
140.00193340913793
140.00186728817332
140.001813749603
140.00177050977248
140.00173533898098
140.00170717084373
140.0016841750356
140.00166561709653
140.00165070666665
140.00163852059868
140.00162864508485
140.00162082755762
140.00161442550953
140.00160919097036
140.00160496897036
140.00160168018496
140.0015989739945
140.00159675807424
140.00159495303367
140.00159349074258
140.00159238662022
140.00159149525226
140.001590760141
140.00159015807637
140.00158966341834
140.00158925940104
140.0015889386556
140.00158870358027
140.00158853605507
140.00158853605507
140.00158847834072
140.0015895960463
140.00159457338887
140.001606401199
140.00162770373032
140.0016607740475
140.00170794488153
140.001771789004
140.0018554073082
140.00196265592177
140.00209832806397
140.00226847987162
140.00248065398657
140.00274415418608
140.00307052664013
140.0034741012578
140.0039723766201
140.00458660537885
140.00534345532586
140.0062745958192
140.00741996964084
140.00882620710664
140.01055204172005
140.01266696883707
140.01525552827908
140.0184164276421
140.02226896464148
140.0269554292752
140.03263945248077
140.03951758563235
140.04781451144336
140.05779668544196
140.06977042143748
140.08409474470042
140.10118843128302
140.1215299881115
140.14568882676392
140.17433054236105
140.2082252214445
140.24828110119677
140.29557581668954
140.3513314562452
140.4171061330931
140.49460224549057
140.5861050120101
140.69402368798268
140.82136821465056
140.9715736620381
141.14868515328968
141.3574158849938
141.60325501749696
141.89264608159243
142.23299446394523
142.632862546618
143.1019972414066
143.65130016809925
144.29283891110717
145.04006044835415
145.9074379458959
146.90985680262006
148.06339496817114
149.38312267085732
150.88425483101992
152.57972418280352
154.48086476403694
156.5950997916941
158.9250583314854
161.4689270369643
164.21811569170183
167.15770594154736
170.2648394111708
173.5117652430297
176.86280648350464
180.27729037062653
183.71259018569384
187.1222758018526
190.46194826795727
193.68878159334625
196.7651723722453
199.65964725794527
202.34773590745223
204.81362731029458
207.0490085683864
209.053573416236
210.832209268592
212.39557299775026
213.75807325724077
214.93656155993324
215.9488356920209
216.8130012031206
217.54639719581624
218.16648628905875
218.68818997418816
219.12526732195806
219.49058190524113
219.79498448217157
220.04810756828516
220.25822249594898
220.4323923422232
220.57660419817768
220.69580043069865
220.79416435414555
220.87547449045806
220.94242702659514
220.99756081139435
221.04304626719082
221.08039459189123
221.1111622722641
221.13643222126868
221.1572137625135
221.17426834775526
221.1882813550591
221.19978620689446
221.2092048190775
221.21697316055509
221.22328215046116
221.2285042771379
221.23278356971534
221.2362453220827
221.2391182655104
221.24146206582316
221.24336742166224
221.2449415745663
221.24622579189204
221.24726212830353
221.24811971842215
221.24882495146824
221.24939378442468
221.24985069305123
221.25023362365732
221.25054905016788
221.250801316326
221.2510020216457
221.2511597067545
221.2512938090681
221.25140784337393
221.2515026930129
221.2515783711285
221.2516364328387
221.2516797811526
221.2517126475617
221.25174076585085
221.25176520381007
221.25178598483478
221.25180310892503
221.251816584499
221.25182656836378
221.25183311962607
