6182774568181677e-44
5658343142122645e-44
5154535277835448e-44
4671445345367423e-44
4209073344718572e-44
37674192758888937e-45
3346483138878388e-44
29462649336870573e-45
25667646603148976e-45
22079823187619108e-45
18779718795791653e-45
15755739312322192e-45
129646561248876e-43
10406469233487852e-45
8081178638122967e-45
59887843387929336e-46
42251717155747366e-46
3577006083933025e-45
2977326793177122e-45
24251952935494944e-46
1920611585050138e-45
14635756676790543e-46
10540875414362439e-46
6921472063217082e-46
3777546623354443e-46
11090990947745203e-47
8055454324818797e-47
23006737842960204e-47
4053019292634563e-46
6062581957497522e-46
8329361778884896e-46
10853358756796682e-46
1363457289123288e-45
23892693985080304e-46
3156626723398012e-45
3664664051264933e-45
3913381382108791e-45
3943661674394544e-45
38385150064640766e-46
6886662220738664e-45
13505905437584758e-45
13505905437584758e-45
2053.5579812675473
6707.042735429145
11614.411793316902
15999.3831027032
19699.223106185564
22749.284301574342
25239.188280300717
27263.188282289975
28905.388204585077
30236.658655483974
31315.458059398185
32189.454555076038
32897.50286937014
33471.084823036785
33935.6720167444
34311.98050159251
34616.83967678956
34863.7219904603
35063.69330926212
35225.68778033982
35356.89092908692
35463.14853445107
35549.20189487627
35618.88846405746
35675.31598166242
35721.014405566166
35758.04868202276
35788.04422565137
35812.28513962608
35831.95763896903
35847.87061807819
35860.740210068056
35871.18929871363
35879.617283007836
35886.45938828296
35892.00275831632
35896.4544732492
35900.104350027854
35903.018296953676
35905.379527728124
35907.318988266416
35908.866361088076
35910.0990989692
35911.11902888226
35911.95380569448
35912.61084871931
35913.12664383562
35913.55588704277
35913.911958811805
35914.20180261133
35914.427804276624
35914.5971108007
35914.73648385978
35914.8533074104
35914.95130117113
35915.03233925657
35915.097320332585
35915.14643556032
35915.1813236278
35915.206730341604
35915.206730341604
35915.16886462671
35914.60963657105
35912.91955952981
35909.633771769055
35904.386380988064
35896.81229909568
35886.50874136384
35872.989799143004
35855.64623908628
35833.712829105054
35806.235221324336
35772.02761836018
35729.62736997392
35677.24378320249
35612.6915422724
35533.3121202246
35435.919758518845
35316.67863514789
35171.038049528535
34993.6095745453
34778.14592668524
34517.44231175344
34203.239557267596
33826.48069995891
33377.42632802908
32845.95897655199
32222.010385259826
31496.215766784866
30660.72295406958
29709.87571878987
28641.29557958643
27456.528831124873
26161.71568818284
24767.813160187998
23290.40040417759
21749.065435448214
20166.39499087715
18566.588291078144
16974.02727075552
15411.931223418731
13901.117142280902
12459.127024605987
11099.756916561777
9832.875252614349
8664.57902795559
7597.532676273389
6631.503824969175
5763.885964767481
4990.290398360235
4305.0619937823185
3701.705600975
3173.279159237082
2712.7111235973202
2313.042025290291
1967.5923653360715
1670.0802819581882
1414.6924947682762
1196.1177189141852
1009.5589022752483
850.7235765593352
715.8051108271713
601.4381499739767
504.68317415503617
422.9770397509863
354.0898461157668
296.10299677704364
247.36403410522755
206.44852109545752
172.14714972156798
143.4260919422927
119.40076506444314
99.3239838009326
82.56613107847092
68.5885291729123
56.94039481535558
47.24181496491041
39.17197384357826
32.46264591447652
26.887785925519466
22.2586714072185
18.41721177703607
15.231808129729401
12.591081510938219
10.402933008706924
8.591879393963449
7.0927705504617355
5.85219674526732
4.827271439040398
3.979905191406259
3.2797632285600713
2.7022518441167906
2.2251431415953475
1.8318805105830531
1.5079220887517586
1.2407738298280175
1.0207364151033587
0.8395108256639322
0.6902888875485025
0.5674330883843254
0.46628746125534337
0.383070473308789
0.3146887407465025
0.25834334567569345
0.2120811878385548
0.17407313034658684
0.14278637549453735
0.11713419423768322
0.09603643162881996
0.07873069413886874
0.06451048149123347
0.05285765058375977
0.043283652194723105
0.03543805467882227
0.029008996966099716
0.02371699043060676
0.01941989918736225
0.015863230773650382
0.012950108733258548
0.01059537662966585
0.008643898898037702
0.0070500146840549146
0.005753631648335461
0.0046849931497949275
0.0038142560449861123
0.0031103129673833475
0.0025289144066026905
0.00205081772970641
0.001664724610170932
0.0013539239885257516
0.001094827248720563
0.000882198036478286
0.0007124827927439708
0.0005765136636379785
0.000468947794308128
0.00037785681615100744
0.00030086380772119473
0.00023711087391158284
0.0001865472683559485
0.00014773039436846656
0.00011845705997776252
9617370740844579e-20
7715801451213356e-20
60679651859051566e-21
4671614816161328e-20
35267503419819116e-21
26325540239943096e-21
19738057474026823e-21
15447706890679855e-21
