16161216582723216e-65
59149857023799934e-52
10422412286330712e-51
13515651751684025e-51
15194704098439933e-51
15459569326598436e-51
14310247436159564e-51
1174673842712329e-50
7769042299489603e-51
2377159053258513e-51
6499023273227456e-65
29517895223295057e-66
10389072409469085e-66
1558071301581247e-66
0
0
0
37112808451720516e-69
6804587717773184e-68
9275894621978172e-68
11125201557787032e-68
12352508525199748e-68
12957815524216328e-68
12941122554836764e-68
12302429617061066e-68
11041736710889235e-68
5486477152888617e-51
15669624138889088e-51
27604647550101433e-51
4129154738652574e-50
5673032364816202e-50
7392097633501022e-50
9286350544707038e-50
18234674895049518e-50
2283158481345673e-49
23467799357908947e-50
215888801347428e-48
15250696169551994e-50
5253262718599653e-50
4025283085652718e-50
6589087246208915e-50
6589087246208915e-50
231.1605259670057
312.4432426986165
341.0244942406423
351.07746425973005
354.6116964280827
355.84327830810633
356.2745351369285
356.4255131833298
356.478348783743
356.49681541617696
356.5032660219306
356.5055140447389
356.5062975681326
356.5065701212532
356.50666456014784
356.5066972862394
356.5067086211107
356.50671251199947
356.5067138483369
356.50671430707337
356.5067144629985
356.5067145156272
356.5067145332862
356.5067145391726
356.5067145411226
356.5067145417669
356.5067145419779
356.50671454204394
356.50671454206406
356.5067145420707
356.5067145420725
356.50671454207304
356.5067145420732
356.5067145420732
356.5067145420732
356.5067145420732
356.5067145420732
356.5067145420732
356.5067145420732
356.5067145420732
356.5067145420732
356.5067145420732
356.5067145420732
356.5067145420732
356.50671454207327
356.5067145420732
356.5067145420732
356.5067145420732
356.5067145420732
356.5067145420732
356.5067145420732
356.5067145420732
356.5067145420732
356.5067145420732
356.50671454207327
356.50671454207327
356.5067145420732
356.5067145420732
356.5067145420732
356.5067145420732
356.5067145420732
125.30698856171337
44.022722954853904
15.450565889113182
5.403714307329838
1.8785035224043736
0.6566911637040566
0.2296526116548705
0.08029569587000746
0.02805264479917436
0.009789128871798138
0.0034143891129339156
0.0011896118809256884
0.00041367539543820113
0.00014366544500675425
4981047148220442e-20
1719820611478742e-20
5935506680901919e-21
20412233483099756e-22
7005474220345005e-22
2389928787419683e-22
8140936920122626e-23
27786565667150456e-24
9451298114759647e-24
3215353086637901e-24
10973108748857092e-25
37612538764491165e-26
12929525513553573e-26
44445020016363087e-27
15351686693141304e-27
5301764668824692e-27
1836618221330275e-27
6371695061738788e-28
22133285245375652e-29
7694412458170064e-29
26763807076067257e-30
9319483982482378e-30
30070211603989024e-31
18138131583601664e-31
11528269821637312e-32
5604888929431391e-32
1214388141125541e-31
11115903593253493e-31
7955041095724878e-32
26246111926496374e-32
2641943612642816e-34
109722197523979e-30
2223156135360885e-31
17693826750055996e-32
14994334172830472e-32
28014705227003084e-32
12259786132588978e-32
26823412255512956e-32
26928900848668196e-33
10472784121045587e-32
10453707316528025e-33
3011177959830665e-33
3720402181939051e-36
4497968115471964e-32
4464895783766869e-37
15350683405846192e-38
5314344872943164e-38
479951414791814e-31
12979305795337443e-35
2140477566820193e-39
14799652082915008e-33
8518245319414791e-35
1569264961352817e-32
1528879100067793e-33
3394140693727262e-36
11627776401641418e-37
16373737913310879e-34
5777362826375513e-33
47040093877331417e-39
2146324078012249e-33
28169651934510346e-35
5999021606815596e-34
20527319508357608e-36
11600134503043053e-34
6883286081472723e-34
10214607588853765e-35
8915374879654705e-34
18192212827904564e-34
525897069678419e-32
421277031712783e-32
1986805337188893e-33
36025429175938755e-34
5822404960527816e-33
8683263778122174e-33
55009691330069406e-34
4494629498230255e-33
9101513615506177e-47
275659275637223e-46
13511017961537517e-34
2716022242148684e-48
882129931577813e-48
14290793003319308e-34
11880926240383836e-34
8780417005753228e-35
7993726929883761e-34
14327398323530053e-35
6485527329251145e-34
26004011957249857e-35
5196764395273834e-35
2561468096509049e-35
4926734273378628e-35
12581771687055808e-35
11261667001536743e-35
14932930876797213e-35
26500355747169513e-36
37701998217001714e-58
3368318964687622e-36
4205833910773156e-36
24144917907432293e-36
6436584768525666e-35
3454089952272362e-35
6934458618900971e-36
4057941976737092e-36
1427861595315563e-36
4615600193975476e-36
53305946858920765e-37
28860775708876203e-37
39755009813019904e-37
4008017361331954e-36
185871967771454e-35
11532688784018331e-37
883275418280914e-36
8182476905758435e-37
7727728464668086e-37
5233833612560146e-37
7639536298748231e-38
13551205795514034e-40
2685939959849571e-38
550199037030005e-37
18234299619768529e-38
26040906784872225e-38
27741146722214054e-38
2337894420012877e-37
13276083770773804e-38
2264056908209152e-38
9469673384538672e-39
1355839699202394e-38
18357861695097254e-39
20526454187154147e-39
19007617984012388e-39
1508639161598336e-38
18079965350742817e-39
22149595108979288e-39
25727796622021563e-40
