4.7671321747275135
4.7671321747275135
4.7671321747275135
4.7671321747275135
4.7671321747275135
4.7671321747275135
4.7671321747275135
4.7671321747275135
4.7671321747275135
4.7671321747275135
4.7671321747275135
4.7671321747275135
4.7671321747275135
4.7671321747275135
4.7671321747275135
4.7671321747275135
4.7671321747275135
4.7671321747275135
4.7671321747275135
4.7671321747275135
4.7671321747275135
4.7671321747275135
4.7671321747275135
4.7671321747275135
4.7671321747275135
4.7671321747275135
4.7671321747275135
4.7671321747275135
4.7671321747275135
4.7671321747275135
4.7671321747275135
4.7671321747275135
4.7671321747275135
4.7671321747275135
4.7671321747275135
4.7671321747275135
4.7671321747275135
4.7671321747275135
4.7671321747275135
4.7671321747275135
4.7671321747275135
4.7671321747275135
4.76713217472752
4.767132174727512
4.767132174727514
4.767132174727515
4.767132174727513
4.7671321747275135
4.7671321747275135
4.767132174727514
4.7671321747275135
4.7671321747275135
4.7671321747275135
4.7671321747275135
4.7671321747275135
4.7671321747275135
4.767132174727514
4.7671321747275135
4.7671321747275135
4.7671321747275135
4.7671321747275135
4.7671321747275135
4.7671321747275135
4.7671321747275135
4.7671321747275135
4.7671321747275135
4.7671321747275135
4.7671321747275135
4.7671321747275135
4.7671321747275135
4.7671321747275135
4.7671321747275135
4.7671321747275135
4.7671321747275135
4.7671321747275135
4.7671321747275135
4.7671321747275135
4.7671321747275135
4.7671321747275135
4.7671321747275135
4.7671321747275135
4.7671321747275135
4.7671321747275135
4.7671321747275135
4.7671321747275135
4.7671321747275135
4.7671321747275135
4.7671321747275135
4.7671321747275135
4.7671321747275135
4.7671321747275135
4.7671321747275135
4.7671321747275135
4.7671321747275135
4.7671321747275135
4.7671321747275135
4.7671321747275135
4.7671321747275135
4.7671321747275135
4.7671321747275135
4.7671321747275135
4.7671321747275135
4.7671321747275135
4.7671321747275135
4.7671321747275135
4.7671321747275135
4.7671321747275135
4.7671321747275135
4.7671321747275135
4.7671321747275135
4.7671321747275135
4.7671321747275135
4.7671321747275135
4.7671321747275135
4.7671321747275135
4.7671321747275135
4.7671321747275135
4.7671321747275135
4.7671321747275135
4.7671321747275135
4.7671321747275135
4.7671321747275135
4.7671321747275135
4.7671321747275135
4.7671321747275135
4.7671321747275135
4.7671321747275135
4.7671321747275135
4.7671321747275135
4.7671321747275135
4.7671321747275135
4.7671321747275135
4.7671321747275135
4.7671321747275135
4.7671321747275135
4.7671321747275135
4.7671321747275135
4.7671321747275135
4.7671321747275135
4.7671321747275135
4.7671321747275135
4.7671321747275135
4.7671321747275135
4.7671321747275135
4.7671321747275135
4.7671321747275135
4.7671321747275135
4.7671321747275135
4.7671321747275135
4.7671321747275135
4.7671321747275135
4.7671321747275135
4.7671321747275135
4.7671321747275135
4.7671321747275135
4.7671321747275135
4.7671321747275135
4.7671321747275135
4.7671321747275135
4.7671321747275135
4.7671321747275135
4.7671321747275135
4.7671321747275135
4.7671321747275135
4.7671321747275135
4.7671321747275135
4.7671321747275135
4.7671321747275135
4.7671321747275135
4.7671321747275135
4.7671321747275135
4.7671321747275135
4.7671321747275135
4.7671321747275135
4.7671321747275135
4.7671321747275135
4.7671321747275135
4.7671321747275135
4.7671321747275135
4.7671321747275135
4.7671321747275135
4.7671321747275135
4.7671321747275135
4.7671321747275135
4.7671321747275135
4.7671321747275135
4.7671321747275135
4.7671321747275135
4.7671321747275135
4.7671321747275135
4.7671321747275135
4.7671321747275135
4.7671321747275135
4.7671321747275135
4.7671321747275135
4.7671321747275135
4.7671321747275135
4.7671321747275135
4.7671321747275135
4.7671321747275135
4.7671321747275135
4.7671321747275135
4.7671321747275135
4.7671321747275135
4.7671321747275135
4.7671321747275135
4.7671321747275135
4.7671321747275135
4.7671321747275135
4.7671321747275135
4.7671321747275135
4.7671321747275135
4.7671321747275135
4.7671321747275135
4.7671321747275135
4.7671321747275135
4.7671321747275135
4.7671321747275135
4.7671321747275135
4.7671321747275135
4.7671321747275135
4.7671321747275135
4.7671321747275135
4.7671321747275135
4.7671321747275135
4.7671321747275135
4.7671321747275135
4.7671321747275135
4.7671321747275135
4.7671321747275135
4.7671321747275135
4.7671321747275135
4.7671321747275135
4.7671321747275135
4.7671321747275135
4.7671321747275135
4.7671321747275135
4.7671321747275135
4.7671321747275135
4.7671321747275135
4.7671321747275135
4.7671321747275135
4.7671321747275135
4.7671321747275135
4.7671321747275135
4.7671321747275135
4.7671321747275135
4.7671321747275135
4.7671321747275135
4.7671321747275135
4.7671321747275135
