688555885333659e-46
5872077678528072e-47
4926505473110016e-47
40484360904764654e-48
3237869530627418e-47
2494805793562875e-47
1819244879282836e-47
12111867877873008e-48
6706315190762709e-48
1975790731497437e-48
0
0
0
0
0
0
0
2441697030251762e-66
4503889226352563e-66
6183941377108297e-66
7481853482518974e-66
8397625542584585e-66
8931257557305134e-66
9082749526680623e-66
8852101450711046e-66
8239313329396409e-66
3116639491776928e-49
8901261784504183e-49
15681052215068965e-49
23456010783471338e-49
3222613748971129e-48
4199143233378878e-48
5275189531570387e-48
10573416574646959e-48
13881740393441428e-48
15194986900169028e-48
14513156094829766e-48
12040412832113308e-48
8191300022288152e-48
49362359636995125e-49
5793560218323917e-48
5793560218323917e-48
3594.2755988856284
10135.211934899515
16707.402757854037
22477.874455256355
27308.899094814802
31275.97390304952
34507.60889951785
37131.1533357031
39257.92726961605
40980.87699705649
42376.312990530045
43506.29692831041
44421.33314020585
45162.29609486103
45762.22872846061
46247.98679619871
46641.375332404095
46959.83988081328
47217.70437515339
47426.52773360559
47595.60273734578
47732.48673029305
47843.30699466402
47933.02091710157
48005.641800405916
48064.435746770294
48112.06772080342
48150.63470093911
48181.7921368891
48207.07000028438
48227.51068802339
48244.03649392096
48257.450338452865
48268.265706278566
48277.04354459945
48284.15282866167
48289.8600785846
48294.53832737061
48298.271554850005
48301.29589467234
48303.77951490944
48305.760027441465
48307.33727380181
48308.642076002754
48309.7097450884
48310.54953230198
48311.20851645511
48311.75688123133
48312.21173320103
48312.581867082685
48312.87022650597
48313.08607080649
48313.263754424035
48313.41268892093
48313.537624950324
48313.64092810034
48313.723714491505
48313.786221147166
48313.830563733274
48313.86283814929
48313.86283814929
44725.80947967294
38187.823198879814
31615.259937018152
25843.20835306899
21010.270494965334
17041.86252502718
13809.347247840355
11185.187124454744
9057.961079911414
7334.64446513318
5938.975343016566
4808.774791144986
3893.5665222974576
3152.503790596203
2552.453627324669
2066.541379487886
1673.14082223064
1354.5897467650793
1096.678613736456
887.8240527684501
718.7459421735923
581.8779355750954
471.05428296969416
381.33753166596495
308.71682778398053
249.9347602347758
202.34768740531467
163.8211672189153
132.63533939607422
107.38553324739571
86.94472833164517
70.3955981482786
56.99687433759682
46.148795836657015
37.36572811387831
30.25451554196929
24.496608764499843
19.834498320630697
16.05974417057514
13.003320172736615
10.52843391330428
8.524519591730758
6.901930283125108
5.587929670075329
4.524075745302336
3.662556974712448
2.9651370585430357
2.400592939518419
1.9435521155947688
1.5735703010121231
1.2740498666097997
1.0315505894589059
0.8352093826578552
0.6762387203877701
0.5475240453177806
0.4433063989230567
0.3589241027530236
0.2906020664623367
0.23528282178805793
0.1904923878647978
0.1542281233596943
0.12486544827468789
0.10109173334863586
0.08184428030866968
0.06626006356491058
0.05364297303371233
0.04342850907514658
0.03515840701505687
0.028463321130427377
0.023043564045128376
0.018655711412271934
0.015103146140349561
0.012227524567046925
0.009899310785763251
0.008014407633122486
0.006488408386437715
0.005252946649583512
0.004252709416501899
0.0034428681487420547
0.0027870948705343273
0.002256213837531878
0.0018264774923816259
0.0014784371695593832
0.001196573077934739
0.0009685254120245398
0.0007838613437009222
0.0006342747617020519
0.0005133206882141645
0.0004153668451933891
0.00033604840887017825
0.0002719251633648115
0.00021997702589582918
0.00017797525951616534
0.00014401601652238387
0.00011652512144159509
9428808762057151e-20
7629316686226962e-20
61734480357739e-18
49951917856495625e-21
4041438498625516e-20
3269437550541622e-20
26456624685035422e-21
213957826818733e-19
17308588096082857e-21
1400041136944266e-20
11321039791531241e-21
9155714692235158e-21
7401885894398073e-21
5984892897582163e-21
4836094641893812e-21
3909662325513311e-21
31583403625861896e-22
25517619778056608e-22
20609432368150974e-22
16630718030755027e-22
13443984215800586e-22
1083841882722062e-21
8729851651589062e-22
7054186876498953e-22
5684382834600415e-22
45760589949094165e-23
36845905113189944e-23
29620364034911616e-23
23817660987502174e-23
19179002839080064e-23
1540035661866939e-22
12326505638170807e-23
9870499794168035e-23
7908439120246983e-23
6303119734215469e-23
5013260257195492e-23
40052233140322924e-24
32002959212987635e-24
25635444154393202e-24
20314899905498653e-24
1589118797700937e-23
1228282454170727e-23
9480174953706403e-24
7363416797647288e-24
57874210058348594e-25
4617682588585016e-24
3638833612319813e-24
2799800677663303e-24
2097899518486592e-24
15331301347896973e-25
11047452016602752e-25
7991514094536494e-25
6112851776613198e-25
