10524.713633418894
10524.713633418894
10524.713633418894
10524.713633418894
10524.713633418893
10524.713633418893
10524.713633418893
10524.713633418893
10524.713633418893
10524.713633418893
10524.713633418893
10524.713633418893
10524.713633418893
10524.713633418893
10524.713633418893
10524.713633418893
10524.713633418893
10524.713633418893
10524.713633418893
10524.713633418893
10524.713633418893
10524.713633418893
10524.713633418893
10524.713633418893
10524.713633418893
10524.713633418893
10524.713633418893
10524.713633418893
10524.713633418893
10524.713633418893
10524.713633418893
10524.713633418893
10524.713633418893
10524.713633418893
10524.713633418893
10524.713633418893
10524.713633418893
10524.713633418893
10524.713633418893
10524.713633418893
10524.713633418893
10524.713633418893
10359.137505184266
9884.455305249881
9356.778117300684
8876.691847994798
8468.472251480958
8130.686760769568
7854.399037399328
7629.555081393288
7446.990883847344
7298.914251279846
7178.869250519445
7081.57904327434
7002.736353211242
6938.847916472756
6887.085406940115
6845.14736705543
6811.163381965066
6783.635354220918
6761.332583909082
6743.261027622567
6728.620955511852
6716.7615821034815
6707.154947567956
6699.373617810347
6693.071349608483
6687.966212731878
6683.828053862139
6680.475657789201
6677.7657263187975
6675.566041853465
6673.7863346472295
6672.3466291896175
6671.177493208817
6670.23422007276
6669.468313058544
6668.847625486804
6668.349038943847
6667.940217014506
6667.6136857429465
6667.349056412571
6667.131678526941
6666.95816070833
6666.819891220572
6666.705493718247
6666.611849845399
6666.538092377447
6666.480173957731
6666.431978748562
6666.392002620952
6666.359454251913
6666.334051382865
6666.315006132598
6666.299331690793
6666.286195558648
6666.275179579546
6666.266069552625
6666.258760352238
6666.253229588275
6666.2492960292
6666.246430947952
6666.246430947952
6666.244207433454
6666.242409965117
6666.240977619669
6666.239884983992
6666.239134289838
6666.238746824555
6666.238758598738
6666.239218511609
6666.2401890493275
6666.24174898399
6666.243997094978
6666.247057634357
6666.25108619351
6666.256277097983
6666.262872565317
6666.27117418592
6666.2815545257245
6666.294473200629
6666.310499216352
6666.3303284328185
6666.354816496881
6666.385004765472
6666.422176590779
6666.4678824197445
6666.524008964372
6666.592837888563
6666.67711412737
6666.780134599001
6666.905813833935
6667.058824364358
6667.244667017194
6667.469836878758
6667.741955121112
6668.0699466255755
6668.464230158035
6668.936951870659
6669.502312656833
6670.176856568954
6670.979882504186
6671.933991991218
6673.065689916057
6674.405834725402
6675.991007624274
6677.864115940423
6680.076066663158
6682.687637131989
6685.770229717498
6689.40840817869
6693.70207610543
6698.768147660217
6704.743892454375
6711.790221948438
6720.095522312357
6729.879610095934
6741.397750402473
6754.944547667543
6770.857508765308
6789.5203330728755
6811.3658364823705
6836.875078942115
6866.576757734963
6901.043252080688
6940.881220509433
6986.719356920166
7039.1931027869105
7098.918952688283
7166.46783697648
7242.337561075468
7326.911177217193
7420.422290573755
7522.928148530387
7634.264835845879
7754.031677810736
7881.575650099296
8015.994263010388
8156.138619758048
8300.663970209873
8448.051303677343
8596.682824083731
8744.903638551561
8891.078262548854
9033.685138626975
9171.339845382003
9302.86267394202
9427.30660857525
9543.954001558342
9652.345701100745
9752.227665857872
9843.567828839225
9926.51077790004
10001.307550387572
10068.367610363253
10128.136904705898
10181.120220029097
10227.876227555902
10268.94454905612
10304.87066329705
10336.180722082307
10363.376654474543
10386.928984866616
10407.262362534118
10424.760605853204
10439.80646194076
10452.692004431688
10463.706318638953
10473.118942209596
10481.126446664497
10487.942884164324
10493.72752356577
10498.633442806837
10502.784529647057
10506.295956853144
10509.260215982424
10511.757536882396
10513.86890097656
10515.632884290208
10517.127206521945
10518.381318580008
10519.423825479591
10520.306845794694
10521.043921643344
10521.657376654857
10522.174724243985
10522.605691451623
10522.961571340304
10523.26167524011
10523.513249293188
10523.720585574178
10523.890491672992
10524.034970075258
10524.156238664642
10524.255511587044
10524.33635251168
10524.401219365007
10524.456970035011
10524.504876927167
10524.545249612665
10524.578077450527
10524.60392852325
10524.623880308598
10524.639529762384
10524.653073841002
10524.664928034825
10524.675099294687
10524.683587620586
10524.690396108288
10524.69558438012
10524.699175270398
