9212614351531823e-46
7861014407059927e-46
660823382113235e-45
5453728761290302e-46
4397499227533788e-46
3439545219862806e-46
25798667382773565e-47
18184637827774396e-47
11553363533630548e-47
5904844500342032e-47
36027665612385416e-48
36652338514382537e-48
36735425095454344e-48
3627692535560082e-47
35276839294821984e-48
3906801063781565e-47
46302968349936295e-48
48382016431794774e-48
4958885125616896e-47
499284902839728e-46
4940093351520629e-47
4800618094986942e-47
45744232587962215e-48
42615088429484677e-48
3861874847443677e-47
3375521272281852e-47
2840071713453307e-47
22398969985849514e-48
15364977909129447e-48
747751911743796e-47
15202258250928079e-63
16706835121861475e-63
18267232209275805e-63
3059417109229492e-47
5286450225103906e-47
6677618935831846e-47
7232923241413311e-47
7353470267536214e-47
7853688146974705e-47
8237903123958368e-47
891196113912205e-46
891196113912205e-46
3516.7265881372355
9916.617594703528
16347.109366206983
21993.210331826565
26720.086391770812
30601.641649192527
33763.61239251459
36330.62691320842
38411.612734167764
40097.36118664369
41462.75800835593
42568.42982218383
43463.74441111628
44188.692967124494
44775.662850945315
45251.046572736675
45635.86044396766
45947.549606772634
46199.813172448754
46404.09290584363
46569.51833601442
46703.45407778182
46811.88365925744
46899.66274069349
46970.7386867333
47028.322882341505
47074.92680619261
47112.586146737194
47143.11491341795
47167.86815554221
47187.80940114016
47204.063433781266
47217.10030930836
47227.763883158375
47236.28250393037
47243.267562727866
47248.86665755579
47253.38840889496
47257.10778711881
47260.04641426327
47262.43250782801
47264.40930832711
47265.987294108054
47267.21286194374
47268.23798248864
47269.08977362696
47269.76969247005
47270.28337872264
47270.699999791956
47271.05284577256
47271.34894057591
47271.58805524113
47271.772264182895
47271.905159707574
47272.012805308485
47272.10355850065
47272.180051761854
47272.24263992937
47272.29132300317
47272.326184427395
47272.326184427395
43761.571874492896
37364.474383450935
30933.593044751848
25286.00530447945
20557.39316903656
16674.551630635055
13511.715004015432
10944.11216173461
8862.726140001221
7176.546848530037
5810.95606794499
4705.1116313676785
3809.634209053923
3084.540280546161
2497.4035205211167
2021.9797051341172
1637.07053825625
1325.3695683238573
1073.0304034709022
868.6670747584666
703.2363273696938
569.3159605568611
460.88979311669175
373.1058480896205
302.05095796999353
244.54375930910243
197.97785731161952
160.28712784245488
129.77092697307646
105.0685163884652
85.0682276443815
68.87626034612204
55.76679096951795
45.15288452045234
36.5592758510294
29.601256357504383
23.967551637999932
19.40620145911999
15.712903313656078
12.72232515999689
10.300899907776449
8.340075769094794
6.752558628286486
5.466980530976213
4.425931596163923
3.582867312964373
2.9004028986272195
2.3481069932919185
1.9010008868378347
1.539061569551137
1.2460799726192375
1.0088732436636552
0.8168157771464243
0.6613231906883998
0.5354327896179499
0.4334913802681902
0.35096930580541286
0.28414471297052957
0.2300450002842437
0.18624185417180106
0.15077547098905944
0.12206240665853958
0.09881710244072953
0.07999425242995435
0.06475404413252893
0.052415873523128965
0.042427720026946926
0.03434210641449554
0.027796685081005558
0.022498111778003132
0.018208823416386872
0.014736537224465066
0.011926178991750622
0.00965140707768786
0.0078095783627091355
0.006319672360015769
0.005113564820027258
0.004138177412151619
0.003347714155533966
0.002708627869050634
0.002191348952783349
0.0017724953536525597
0.0014337377868594541
0.0011594565603279413
0.0009372309659510671
0.0007577157019690263
0.0006126444138024639
0.0004941864305550917
0.00039952185199525615
0.00032234876075558583
0.0002601391424862003
0.00021019985547339167
0.00016946528338995714
0.0001369329604909782
0.00011057965436444598
8916254654523507e-20
7211227370001087e-20
581630907793891e-19
4695429974671639e-20
3796310901806766e-20
30580951831358626e-21
24679321650346354e-21
19947506648999004e-21
16067215761757707e-21
12949346127814216e-21
10437549044027712e-21
8415661646129122e-21
6783470052780583e-21
5452479090478137e-21
4381462249520528e-21
35296939464067936e-22
2838183316678205e-21
2276156081143423e-21
18222493606272588e-22
14618560442800026e-22
11746439652472306e-22
9399045526266986e-22
7487615797173078e-22
5941739835297064e-22
47280897234765254e-23
3763922631486056e-22
29990586022141897e-23
23753777949670198e-23
1877521436052879e-22
14809659835801738e-23
11636574280804323e-23
914623412779096e-22
7073507557579799e-23
53824078588916555e-24
4070643233341131e-23
3066131853261587e-23
23041017069164128e-24
1719981752851585e-23
12833474410103411e-24
9651507493363606e-24
7320915483883405e-24
54727129981250354e-25
39296720343726036e-25
2633338813899072e-24
16675917667930074e-25
10408022312659145e-25
6006232145381428e-25
30819596401424535e-26
12704007838164742e-26
4703654496526922e-26
12895251618848077e-27
4909542619538961e-27
19704212965497694e-28
