58655501969791554e-46
50369357654050426e-46
4266620342860646e-45
35544797760342126e-46
2900514064925743e-45
23047232095352384e-46
17671072098626972e-46
12876660659081204e-46
8663997776715079e-46
5083493242090713e-46
3346691965492083e-46
2983234130096655e-46
26173550060218594e-47
2249054593267696e-46
19278119766246843e-47
19451097804315896e-47
2224255325252889e-46
22667889330669893e-47
2279156717319064e-46
22615899202229627e-47
2214088541778687e-46
2136652581986234e-46
20292820408456072e-47
1891976918356805e-46
17247372145198272e-47
1527562929334674e-46
13186499270861617e-47
10867612821063016e-47
8178613499375468e-47
5119501305798963e-47
16902762403335029e-48
42634592504035484e-49
9452616033061525e-49
9066368444527589e-47
1585413457589211e-46
2045151576629425e-46
22873178560595413e-47
24873112178726127e-47
3006135881150712e-46
35467048777351e-44
4336675350758619e-46
4336675350758619e-46
176.01372954056907
259.5446133432769
289.8680961557269
300.8262687529912
304.81364078419637
306.27886165802863
306.83883656963593
307.06621243629553
307.167730809842
307.21909739705507
307.24890238380425
307.26827960656385
307.2819393245259
307.29206444113
307.2997966740072
307.3058116279141
307.31053316589714
307.3142753231115
307.3172502550269
307.31962584762914
307.3215291582617
307.3230568769796
307.3242850120988
307.325273703864
307.32607083584526
307.326714628487
307.3272332950743
307.32765136566417
307.327990299186
307.32826429451256
307.3284846545469
307.3286644771629
307.328808127028
307.32892596397744
307.32901975915735
307.329096758574
307.3291585922647
307.3292081989002
307.3292492684896
307.32928165882845
307.3293078177516
307.3293296252489
307.3293470892858
307.32936049482765
307.3293717509729
307.3293811525616
307.3293886747575
307.32939432724436
307.32939888336045
307.3294027630046
307.32940603047757
307.3294086733256
307.3294107144723
307.3294121755495
307.3294133459698
307.3294143453582
307.3294151936169
307.3294158962548
307.32941645327173
307.3294168615742
307.3294168615742
307.3197740354168
307.2771783291226
307.2001191403504
307.09064954844524
306.9470746855577
306.76516782815446
306.53859934000485
306.25817676153287
305.9120337777002
305.48566823696007
304.9607892731393
304.315694355376
303.5234838622392
302.5518122057652
301.3616926160462
299.90769508860734
298.135508452918
295.9785399506841
293.3668333807358
290.21143634276234
286.4174946542133
281.8841931073867
276.50000939742296
270.1514867910512
262.7403327685765
254.18279606190706
244.4163402184788
233.41667880771817
221.2168216821879
207.90001962266766
193.61443999713882
178.5731183703325
163.04054911492784
147.31900559320005
131.7255432068437
116.56711677109809
102.11923689632121
88.6076845933059
76.19657314069853
64.98354789785934
55.006542545383674
46.24981229890854
38.658246926720075
32.14633192505908
26.612649069641925
21.946502333838943
18.039849959295182
14.78854018152741
12.096266901707976
9.875983422975075
8.051207510139488
6.555358763027815
5.3318715550761375
4.333062825543244
3.5189093912255416
2.856014482788566
2.3169756113485036
1.878893674996096
1.5231782019594942
1.2344783263861268
1.000264802329934
0.8103506084356058
0.6564081974613604
0.5316215014340082
0.4305010183554694
0.3485808761357789
0.28222723939375166
0.22848814466555487
0.18496947180529055
0.14973055086610884
0.12119807961270666
0.09809676595692475
0.07939496705170651
0.06425439236372947
0.051995089900027526
0.04207696783323805
0.03404926237452676
0.027554915739861144
0.022292734658529715
0.018037191320869953
0.014593877080460803
0.01180484152821879
0.009549092011983692
0.007722780315019007
0.0062430900505503276
0.005047403098366871
0.004081326092986195
0.00329230292790488
0.0026621895405155604
0.002147562806126896
0.001733216485700697
0.0014005073068984913
0.0011289451798719885
0.0009123643038141454
0.0007367474296788222
0.0005939968210523819
0.00048047580170406507
0.0003875386197981893
0.0003128692023683789
0.00025295499925402084
0.0002037840010822925
0.0001645118826168767
0.00013293523383001166
0.00010707552438031581
8634124381421752e-20
6960395506440418e-20
56106626943703144e-21
4523132860759258e-20
3636871269946029e-20
2923061534076344e-20
23554098694336976e-21
18947670700941898e-21
15196599175470387e-21
12164833056215455e-21
976239042163088e-20
7846468702841762e-21
6281222778994328e-21
5007869874751379e-21
39769725292300025e-22
31695044627276904e-22
25245890005789604e-22
20101810348016378e-22
15910821068291377e-22
12574183723648734e-22
9913379734103592e-22
7799730797235611e-22
6155407803903233e-22
4784278381272686e-22
3659716997944371e-22
2780069685917118e-22
20975602377036987e-23
1575327757336684e-22
11749766885959037e-23
8738832728659693e-23
6559911186968749e-23
4978816882835854e-23
37368365523740484e-24
27023837932494395e-24
18316509759935438e-24
11742530024958048e-24
73581558542784524e-25
43035234562717565e-25
22727264073757184e-25
9394752699684095e-25
3494067422130231e-25
9664222982038619e-26
36794098263751466e-27
14767134359714625e-27
