10296.485145861132
10296.485145861132
10296.485145861132
10296.485145861132
10296.485145861132
10296.485145861132
10296.485145861132
10296.485145861132
10296.485145861132
10296.485145861132
10296.485145861132
10296.485145861132
10296.485145861132
10296.485145861132
10296.485145861132
10296.485145861132
10296.485145861132
10296.485145861132
10296.485145861132
10296.485145861132
10296.485145861132
10296.485145861132
10296.485145861132
10296.485145861132
10296.485145861132
10296.485145861132
10296.485145861132
10296.485145861132
10296.485145861132
10296.485145861132
10296.485145861132
10296.485145861132
10296.485145861132
10296.485145861132
10296.485145861132
10296.485145861132
10296.485145861132
10296.485145861132
10296.485145861132
10296.485145861132
10296.485145861132
10296.485145861132
10317.631244513883
10378.687220039208
10446.676616155695
10508.57296290202
10561.218457774768
10604.78695917944
10640.426377987336
10669.431740335393
10692.984260348125
10712.086941609406
10727.574785456081
10740.127286655523
10750.299487904067
10758.541961902838
10765.220176833674
10770.632328457781
10775.016131051396
10778.569058981173
10781.446335790017
10783.777696119665
10785.666728416176
10787.197056294635
10788.436666020083
10789.440762867423
10790.254252591512
10790.913693329576
10791.447698246215
10791.879459246584
10792.229654947205
10792.513764155603
10792.74277364368
10792.929533475437
10793.079424650461
10793.202085099105
10793.30013765479
10793.38057909378
10793.445091613092
10793.497231218555
10793.54013203492
10793.574049651486
10793.601612272614
10793.624452933504
10793.642691572468
10793.656875217175
10793.668744794873
10793.678608709328
10793.68648373906
10793.692441158331
10793.69727878947
10793.70137718556
10793.704816282696
10793.707593261663
10793.70973337627
10793.711280929288
10793.712536409344
10793.71359562713
10793.714488602824
10793.715219388345
10793.7157879837
10793.716195413419
10793.716195413419
10793.71649301629
10793.716733587567
10793.716925234045
10793.717071260993
10793.717171225022
10793.71722214168
10793.717219008991
10793.717155096823
10793.717021828434
10793.716808443474
10793.716501427663
10793.716083867574
10793.715534518995
10793.714826895135
10793.713927943938
10793.712796695057
10793.711382640122
10793.709622540315
10793.707440168375
10793.704739383564
10793.701405377175
10793.697295867578
10793.692237317347
10793.686018200533
10793.678383936835
10793.669026082762
10793.6575704147
10793.64357478116
10793.626506245482
10793.60573824573
10793.580524430157
10793.549989467245
10793.513105289849
10793.468668885904
10793.415274020974
10793.351280303656
10793.274776004755
10793.183532275709
10793.074944520818
10792.945961454563
10792.793052520785
10792.612030946646
10792.397966579323
10792.144988532733
10791.846358558276
10791.493938393889
10791.078164608454
10790.587533771199
10790.008651274815
10789.325853405257
10788.520899729498
10787.572333464866
10786.455120660237
10785.14011199858
10783.593697633783
10781.776795446678
10779.645546400996
10777.149172637653
10774.231697283049
10770.830201669829
10766.875873478199
10762.294736362834
10757.007824412778
10750.932635472309
10743.986167674917
10736.08722212979
10727.159546464847
10717.136044388064
10705.963811875592
10693.609491758154
10680.064684332241
10665.350262570617
10649.520214325214
10632.66452527042
10614.912153478695
10596.42392445192
10577.392124776694
10558.028397368485
10538.565473134993
10519.22993910433
10500.238820140044
10481.80109946227
10464.096427055118
10447.267379693682
10431.42512128826
10416.663175470267
10403.008487965577
10390.48530566063
10379.095235397144
10368.792492391949
10359.53853432809
10351.286803716885
10343.945334584325
10337.480423904919
10331.79231232697
10326.804467936825
10322.479758388105
10318.705233152401
10315.44551953146
10312.638757867944
10310.207269655295
10308.132274669253
10306.355459777235
10304.828232282094
10303.532975625858
10302.428287317043
10301.488926984297
10300.695433227249
10300.019268524593
10299.447488164558
10298.968922980423
10298.56409851707
10298.22046420374
10297.931248604007
10297.691219782278
10297.490892781907
10297.320722936578
10297.177459796134
10297.057584037953
10296.95947711496
10296.877687044796
10296.809246079814
10296.751436174241
10296.703432580343
10296.663930766657
10296.631612277626
10296.6055608565
10296.583238493102
10296.564260321189
10296.548658375657
10296.535802156412
10296.525336728359
10296.516973781756
10296.510406778716
10296.50534589209
10296.501394703166
10296.498107199322
10296.495269473256
10296.492813466397
10296.490739178733
10296.489046610272
10296.487686568664
10296.486597800123
10296.485780028472
10296.485209635943
10296.484867822663
10296.48471511245
10296.484723754735
