4.7671321747275135
4.7671321747275135
4.7671321747275135
4.7671321747275135
4.7671321747275135
4.7671321747275135
4.7671321747275135
4.7671321747275135
4.7671321747275135
4.7671321747275135
4.7671321747275135
4.7671321747275135
4.7671321747275135
4.7671321747275135
4.7671321747275135
4.7671321747275135
4.7671321747275135
4.7671321747275135
4.7671321747275135
4.7671321747275135
4.7671321747275135
4.7671321747275135
4.7671321747275135
4.7671321747275135
4.7671321747275135
4.7671321747275135
4.7671321747275135
4.7671321747275135
4.7671321747275135
4.7671321747275135
4.7671321747275135
4.7671321747275135
4.7671321747275135
4.7671321747275135
4.7671321747275135
4.7671321747275135
4.7671321747275135
4.7671321747275135
4.7671321747275135
4.7671321747275135
4.7671321747275135
4.7671321747275135
4.7671321747275135
4.767132174727515
4.76713217472751
4.7671321747275135
4.767132174727514
4.7671321747275135
4.767132174727514
4.767132174727514
4.7671321747275135
4.7671321747275135
4.767132174727514
4.7671321747275135
4.7671321747275135
4.7671321747275135
4.7671321747275135
4.7671321747275135
4.7671321747275135
4.7671321747275135
4.7671321747275135
4.7671321747275135
4.7671321747275135
4.7671321747275135
4.7671321747275135
4.7671321747275135
4.7671321747275135
4.7671321747275135
4.7671321747275135
4.7671321747275135
4.7671321747275135
4.7671321747275135
4.7671321747275135
4.7671321747275135
4.7671321747275135
4.7671321747275135
4.7671321747275135
4.7671321747275135
4.7671321747275135
4.7671321747275135
4.7671321747275135
4.7671321747275135
4.7671321747275135
4.7671321747275135
4.7671321747275135
4.7671321747275135
4.7671321747275135
4.7671321747275135
4.7671321747275135
4.7671321747275135
4.7671321747275135
4.7671321747275135
4.7671321747275135
4.7671321747275135
4.7671321747275135
4.7671321747275135
4.7671321747275135
4.7671321747275135
4.7671321747275135
4.7671321747275135
4.7671321747275135
4.7671321747275135
4.7671321747275135
4.7671321747275135
4.7671321747275135
4.7671321747275135
4.7671321747275135
4.7671321747275135
4.7671321747275135
4.7671321747275135
4.7671321747275135
4.7671321747275135
4.7671321747275135
4.7671321747275135
4.7671321747275135
4.7671321747275135
4.7671321747275135
4.7671321747275135
4.7671321747275135
4.7671321747275135
4.7671321747275135
4.7671321747275135
4.7671321747275135
4.7671321747275135
4.7671321747275135
4.7671321747275135
4.7671321747275135
4.767132174727514
4.767132174727514
4.7671321747275135
4.7671321747275135
4.7671321747275135
4.767132174727514
4.767132174727514
4.767132174727514
4.767132174727514
4.7671321747275135
4.7671321747275135
4.767132174727513
4.767132174727512
4.7671321747275135
4.767132174727508
4.767132174727516
4.7671321747275135
4.767132174727515
4.767132174727519
4.767132174727516
4.767132174727511
4.767132174727515
4.7671321747275135
4.767132174727514
4.7671321747275135
4.7671321747275135
4.7671321747275135
4.7671321747275135
4.7671321747275135
4.7671321747275135
4.7671321747275135
4.7671321747275135
4.7671321747275135
4.7671321747275135
4.7671321747275135
4.7671321747275135
4.7671321747275135
4.7671321747275135
4.7671321747275135
4.7671321747275135
4.7671321747275135
4.7671321747275135
4.7671321747275135
4.7671321747275135
4.7671321747275135
4.7671321747275135
4.7671321747275135
4.7671321747275135
4.7671321747275135
4.7671321747275135
4.7671321747275135
4.7671321747275135
4.7671321747275135
4.7671321747275135
4.7671321747275135
4.7671321747275135
4.7671321747275135
4.7671321747275135
4.7671321747275135
4.7671321747275135
4.7671321747275135
4.7671321747275135
4.7671321747275135
4.7671321747275135
4.7671321747275135
4.7671321747275135
4.7671321747275135
4.7671321747275135
4.7671321747275135
4.7671321747275135
4.7671321747275135
4.7671321747275135
4.7671321747275135
4.7671321747275135
4.7671321747275135
4.7671321747275135
4.7671321747275135
4.7671321747275135
4.7671321747275135
4.7671321747275135
4.7671321747275135
4.7671321747275135
4.7671321747275135
4.7671321747275135
4.7671321747275135
4.7671321747275135
4.7671321747275135
4.7671321747275135
4.7671321747275135
4.7671321747275135
4.7671321747275135
4.7671321747275135
4.7671321747275135
4.7671321747275135
4.7671321747275135
4.7671321747275135
4.7671321747275135
4.7671321747275135
4.7671321747275135
4.7671321747275135
4.7671321747275135
4.7671321747275135
4.7671321747275135
4.7671321747275135
4.7671321747275135
4.7671321747275135
4.7671321747275135
4.7671321747275135
4.7671321747275135
4.7671321747275135
4.7671321747275135
4.7671321747275135
4.7671321747275135
4.7671321747275135
4.7671321747275135
4.7671321747275135
4.7671321747275135
4.7671321747275135
4.7671321747275135
4.7671321747275135
4.7671321747275135
4.7671321747275135
4.7671321747275135
4.7671321747275135
