221.1885659455063
221.1885659455063
221.1885659455063
221.18856594550635
221.18856594550635
221.18856594550635
221.18856594550635
221.18856594550635
221.18856594550635
221.18856594550635
221.18856594550635
221.1885659455063
221.1885659455063
221.1885659455063
221.1885659455063
221.1885659455063
221.18856594550635
221.18856594550635
221.1885659455063
221.1885659455063
221.1885659455063
221.18856594550635
221.18856594550635
221.18856594550635
221.18856594550635
221.18856594550635
221.18856594550635
221.18856594550635
221.18856594550635
221.18856594550635
221.18856594550635
221.18856594550635
221.18856594550635
221.18856594550635
221.1885659455063
221.1885659455063
221.1885659455063
221.1885659455063
221.1885659455063
221.18856594550635
221.18856594550635
221.18856594550635
226.51652395896042
229.90458217014327
231.1700814585143
231.63591631569872
231.80884291962127
231.87411296732063
231.90002513220406
231.91111764034417
231.91640509346772
231.9192658816845
231.92101785841416
231.92219746158145
231.92304480239136
231.923678418755
231.9241640189531
231.92454221349897
231.92483914659388
231.92507445487036
231.92526148247407
231.92541080909191
231.9255304392605
231.92562646174298
231.92570365948478
231.92576581415574
231.92581593494256
231.92585642313563
231.92588905132902
231.92591535783464
231.92593669054543
231.92595394262037
231.92596782131125
231.925979151077
231.92598820496542
231.9259956345869
231.92600155040265
231.92600640915913
231.92601031153754
231.9260134445025
231.92601603878552
231.92601808526706
231.9260197394457
231.92602111869655
231.9260222231331
231.92602307184362
231.92602378487297
231.92602438044588
231.92602485691134
231.92602521511137
231.92602550430274
231.92602575064222
231.92602595808796
231.9260261258332
231.92602625532845
231.9260263481501
231.9260264226781
231.92602648636057
231.92602654042423
231.92602658520883
231.92602662071428
231.92602664673961
231.92602664673961
231.9260266542957
231.92602649171386
231.926025769925
231.92602405554996
231.92602096795432
231.92601617614935
231.92600934079556
231.926000088894
231.92598796990535
231.92597243361044
231.92595277120492
231.92592812240832
231.92589739036694
231.92585922156974
231.92581193586523
231.925753504948
231.92568140336846
231.92559243942242
231.92548298403676
231.92534822329077
231.92518259532295
231.9249793052793
231.92473000775738
231.92442450194477
231.92405105794225
231.92359523836956
231.92303999594867
231.9223652894004
231.9215475420657
231.92055923791597
231.91936773466318
231.91793542088058
231.91621846481013
231.91416626807265
231.91171947496548
231.90880869267644
231.90535335808764
231.90125976524797
231.89641820740226
231.89069681377137
231.88395707723618
231.87600635671438
231.86661536827106
231.8555500912588
231.84252384982847
231.82714437610994
231.80901264147337
231.78763334315033
231.76244278262854
231.73278466347415
231.697905755764
231.6568967511868
231.60875088390355
231.55228069692436
231.48620669030544
231.4089781473445
231.31908311140802
231.2146424740082
231.09381354015582
230.95462326624948
230.79497370828574
230.61294207461907
230.40662867289157
230.17420870931974
229.91426235377162
229.62582987127922
229.30857753624193
228.96279271456643
228.58959254541037
228.19102214222795
227.7701622766651
227.33105861464338
226.87877988433695
226.41907899618397
225.9583334698724
225.50344402789563
225.06023562952646
224.6348778817423
224.2322644107675
223.8569293620688
223.51116800175248
223.1966429055982
222.91398438026087
222.66286905245397
222.44159975704608
222.24843824610053
222.08184886931204
221.93760042732785
221.8152559339644
221.7108425691408
221.62254978156807
221.54880114448585
221.4865602670696
221.43507978386216
221.3921549971635
221.35628874840904
221.3269509389636
221.30241736373924
221.2822209311188
221.26563381983698
221.25178592249642
221.24049382063995
221.23120160607994
221.22348126370818
221.21719014808005
221.2120063247524
221.20774529749974
221.20426765947346
221.20139032615117
221.19903100074714
221.1971216653068
221.19555128079693
221.19425220088658
221.1931869736499
221.19232996786806
221.19163467575282
221.1910577240472
221.19058284895434
221.1901939927133
221.189885115823
221.1896337778602
221.1894285812663
221.1892588856041
221.1891214988427
221.18901063044495
221.18892204186955
221.18885255133247
221.18879390613907
221.1887449355581
221.1887056320235
221.18867405897186
221.1886491070336
221.188629701314
221.18861481537348
221.18860377720185
221.18859551931098
221.18858886876285
221.18858323576612
221.18857842716858
221.18857444297024
221.18857128317106
221.1885688199618
221.18856691241487
221.18856558160988
221.1885648766895
221.18856465407035
221.1885648748326
221.1885652032277
