10003192024965733e-64
1668325642696851e-49
31341034523402127e-50
4395561273297417e-49
5452699105568463e-49
6305516949153353e-49
6954014804052085e-49
7398192670264661e-49
7638050547791079e-49
7673588436631339e-49
7504806336785442e-49
7131704248253386e-49
6554282171035176e-49
5772540105130806e-49
4786478050540282e-49
3596096007263607e-49
22013939753007726e-50
32257594214973166e-50
4022518975162086e-49
4589033660374869e-49
4925303477135668e-49
5031328425444483e-49
5247702070862001e-49
5246919337545786e-49
49959449943060146e-50
4494779041142687e-49
3743421478055803e-49
27418723050453613e-50
14901315221113706e-50
9542038504974404e-65
13109775896339172e-65
17082353342469818e-65
21459770843366364e-65
7450580083007452e-49
12443892197673265e-49
1497124532638332e-48
15032639469137614e-49
13626596167286489e-49
12780545785112337e-49
1223943832569731e-48
16899551890330537e-49
16899551890330537e-49
231.1375736130072
312.4121930643093
340.9914221793358
351.0429156625905
354.5764459894799
355.80787939247284
356.2391262716774
356.3901355900765
356.4429907220189
356.4614368586201
356.46789160577083
356.4701400403393
356.4709226392962
356.47119458036923
356.47128891150055
356.47132175153547
356.4713330111512
356.4713369221342
356.47133824967864
356.47133870616176
356.471338862335
356.47133891517785
356.47133893292335
356.4713389388523
356.4713389408271
356.4713389414799
356.4713389416854
356.4713389417486
356.4713389417697
356.47133894177614
356.4713389417779
356.4713389417784
356.47133894177864
356.47133894177864
356.47133894177864
356.47133894177864
356.47133894177864
356.4713389417787
356.47133894177864
356.47133894177864
356.47133894177864
356.4713389417787
356.47133894177864
356.47133894177864
356.47133894177864
356.4713389417787
356.47133894177864
356.4713389417787
356.47133894177864
356.47133894177864
356.47133894177864
356.4713389417787
356.4713389417787
356.4713389417787
356.47133894177864
356.47133894177864
356.47133894177864
356.47133894177864
356.47133894177864
356.47133894177864
356.47133894177864
125.29420650354037
44.01848183363385
15.449569942790948
5.405233777408107
1.8799534776423237
0.6571629836048007
0.22980735988775702
0.08034559912801763
0.02806133931934753
0.009792065113034302
0.003414260732743746
0.0011896570234466977
0.00041374098425267595
0.00014364865935357675
4973625848067548e-20
17177159527998882e-21
593523603172328e-20
20359729509814274e-22
6999795988927226e-22
2383123644623071e-22
8113803870306828e-23
2767040455828546e-23
9425828822586477e-24
32036388242816064e-25
10926472270708017e-25
3755874672034313e-25
1287440608206828e-25
4436392286540157e-26
15287800422885066e-27
5291218930061195e-27
18319950798095216e-28
6355243490445818e-28
22072114017724961e-29
7670884968749427e-29
2670917171678696e-29
9277923174741068e-30
32339096063541967e-31
11215616499810572e-31
5257715872645102e-31
10685802912046467e-32
5225951392463904e-31
5117914117082672e-31
26995446521584527e-32
19295924589978315e-32
17666642410261037e-32
1345984053418498e-31
13943903516632982e-32
26751010349697786e-32
726649174886763e-31
7912275940203119e-33
8796105398640309e-32
998688302327129e-32
6835988120829507e-32
23877834858108523e-33
46380497617255456e-36
7779957748920195e-33
2616725610369166e-32
8948863424122406e-34
21901264158736676e-33
17845674815021495e-34
6992599212607075e-33
55812825855599676e-34
26919022032843117e-35
29468232518506785e-40
9455920103968131e-33
38386501370962487e-36
5998326346595666e-35
10757925447522547e-34
19386766300864703e-36
732364881933562e-33
2058706899953149e-36
65110722165749355e-38
2101920811001208e-37
3475373200628693e-35
5614770367121889e-36
15027699545652804e-35
21280212513694957e-40
19210873048411135e-35
43347048610832646e-36
6797399044339552e-41
19914086069888845e-42
6463724684395165e-42
18796592657292044e-43
5159301431681662e-43
1568177657088854e-43
1762034588940826e-35
2730375342963074e-35
14786620139546324e-46
1853733226748369e-34
4209897232735294e-34
23501228897584917e-35
11177722845791665e-35
32131350978000224e-35
10698175782840034e-34
12819194296621802e-34
9658218722598596e-35
3900966871065893e-34
4484816036451745e-34
2084415563074549e-34
4340692145732199e-34
2724727476918992e-34
11797816124406684e-35
16765291400218812e-35
7066100253128835e-35
8417955096265765e-36
4794825169885023e-35
723956946989493e-34
6184044645363187e-35
3327281181593083e-35
21011482650649958e-36
19612943091342726e-36
19927830988206755e-36
15108752529256214e-36
67154982425946535e-37
26607170051728676e-38
18059176860744774e-37
3160843599618344e-36
4670862492524645e-36
5196032046129354e-36
4400645634309551e-36
29014305607551153e-37
17463963664992643e-37
7485190135632582e-37
7483595424263304e-37
7058689251696628e-37
7259686510612023e-37
5783681667998319e-37
39506439516522107e-38
2011389866323685e-37
16438549288500964e-38
13326708890337424e-38
11208770953320501e-38
805037277567557e-37
5123231108634234e-38
30848351405901805e-39
174294219876357e-37
895523888476636e-38
8191355650983495e-39
7746390233464867e-39
7451258731155749e-39
7417725175563466e-39
7866984297009357e-39
7480074516833876e-39
62454820262623876e-40
4163206825294982e-39
16958617476748444e-40
0
0
