880718112151666e-42
8192954479006275e-43
7596063551407607e-43
701673844478406e-42
645497915913564e-42
5910785694462345e-43
5384158050764175e-43
48750962280411335e-44
43836002262932165e-44
3909670045520426e-43
345330568572276e-42
3014507146900221e-43
2593274429052808e-43
219318519268914e-42
18196803583459496e-44
146550161581555e-42
11307003542108418e-44
9918189049349748e-44
8617469466878944e-44
7403023807451647e-44
6274852071067856e-44
5232954257727569e-44
4277330367430793e-44
3407980400177524e-44
262490435596776e-43
19281022348015002e-45
15702123341313185e-45
14462864852615935e-45
12978058880335674e-45
1124770542447239e-44
9271804485026089e-45
7050356061996769e-45
4583360155384431e-45
6654889053097773e-45
8489415933152171e-45
10082153813640579e-45
1143310269456299e-44
13157813865871508e-45
1650687295781629e-44
20401970981347153e-45
24842027686175959e-45
24842027686175959e-45
2002.2628755533708
6552.05541494707
11353.35318617497
15644.689828573331
19265.946626696918
22251.41697069837
24688.684506452802
26669.964811516777
28277.560575462543
29580.71442143318
30636.810923597266
31492.43288810968
32185.575627278962
32747.053317974744
33201.84268974444
33570.31159414644
33868.68860332615
34110.45135838717
34306.188720628415
34464.7484462015
34593.19318534039
34697.22251831771
34781.46892480805
34849.693047397675
34904.95315603095
34949.73823669185
34985.99555138659
35015.30377428955
35039.070157639435
35058.346620197444
35073.88097347426
35086.54676476453
35096.709272412416
35105.02408958159
35111.66886422696
35117.11898876208
35121.489138539575
35125.01974114443
35127.92453866128
35130.220471987835
35132.08542008621
35133.63079950896
35134.864767788415
35135.82369611127
35136.625991164976
35137.29275099978
35137.82511145436
35138.22756887638
35138.554139447595
35138.830773935355
35139.06294319286
35139.25046487329
35139.394981762845
35139.49934615716
35139.58393250814
35139.65526769111
35139.71540455352
35139.764620019996
35139.802914090564
35139.83035311011
35139.83035311011
35139.792805700934
35139.23387750258
35137.544151988106
35134.258738730474
35129.01108266005
35121.437898566845
35111.13604492795
35097.61963501828
35080.27950005282
35058.35146369875
35030.88135424394
34996.68574143599
34954.30335521083
34901.94544731323
34837.427989425414
34758.10580448522
34660.803825043164
34541.6755815118
34396.22559445901
34219.042364212066
34003.95029430939
33743.766131916294
33430.31411274075
33054.56835745819
32606.908897033667
32077.371788660217
31455.938935836784
30733.525696810146
29902.38403764482
28957.173231608493
27895.738949891314
26719.99909700241
25436.460351787595
24056.47810464607
22596.03940507557
21075.07165522296
19516.32992254466
17944.019720825283
16382.371937193611
14854.19130794817
13379.68113511307
11975.665831993847
10655.156099334217
9427.244393655566
8297.283840839968
7267.307108105824
6336.554467601854
5502.050907352233
4759.174900684196
4102.12538261716
3524.380322339258
3019.0130921929745
2579.039538350282
2197.646434957453
1868.3133966013197
1584.9140924840121
1341.855237926443
1133.9726107687297
956.6676853151005
805.8044101394285
677.7255402491176
569.2199897724101
477.4752707153334
400.02586879072356
334.75455245692785
279.83350526953893
233.68791777244311
194.9665282143514
162.51476349642724
135.3490039355608
112.63294655610338
93.65687826614823
77.82143022511859
64.61770410640382
53.615808955692046
44.461199920459755
36.847942526841955
30.52266150460673
25.26542131792927
20.903623148602442
17.286767197185224
14.287251789454757
11.80226204629087
9.744324046796464
8.040071403637643
6.6307115803077075
5.467528746399549
4.499028538110141
3.706664294515575
3.047463278677546
2.5058203932550236
2.0613102321427696
1.692003614784117
1.3912470289547707
1.1428356084504163
0.9373754305634243
0.7706096911001425
0.6319519977862599
0.5185092015277605
0.42573647982966883
0.3485574062826055
0.28581524964144134
0.23437874713610662
0.19171689663863792
0.15698175019024008
0.12844118147094508
0.10502880063736714
0.08591933011512458
0.07012246873962066
0.05719260839521595
0.04673513324689746
0.03813408517698738
0.031027489073882326
0.025208229385884337
0.020523187059541884
0.016726059203593532
0.013575723112712499
0.010982705720616428
0.008862099773203734
0.007173481426292024
0.00580256403400764
0.004688070321288593
0.003766328904254936
0.0030190506568644297
0.0024175258306352284
0.001934719535445145
0.0015536629443895626
0.0012325204132021682
0.00096537618586772
0.0007521964738479486
0.0005818724676804834
0.00044751769755356437
0.0003432610045247971
0.00026377042467663585
0.0002044766492624018
0.00015976014864628685
0.0001234990421967593
9273583504529886e-20
6652196404999308e-20
4486305323215618e-20
29465336130909998e-21
18018767406889675e-21
10272377903145425e-21
5271602728395565e-21
21726146129989252e-22
8041578363827361e-22
3828693491183022e-22
2596314019748463e-22
